(kicad_pcb (version 20171130) (host pcbnew "(5.0.2)-1")

  (general
    (thickness 1.6)
    (drawings 7)
    (tracks 335)
    (zones 0)
    (modules 15)
    (nets 16)
  )

  (page A4)
  (layers
    (0 F.Cu signal)
    (31 B.Cu signal)
    (32 B.Adhes user hide)
    (33 F.Adhes user hide)
    (34 B.Paste user hide)
    (35 F.Paste user hide)
    (36 B.SilkS user)
    (37 F.SilkS user)
    (38 B.Mask user hide)
    (39 F.Mask user hide)
    (40 Dwgs.User user hide)
    (41 Cmts.User user hide)
    (42 Eco1.User user hide)
    (43 Eco2.User user hide)
    (44 Edge.Cuts user)
    (45 Margin user hide)
    (46 B.CrtYd user hide)
    (47 F.CrtYd user hide)
    (48 B.Fab user hide)
    (49 F.Fab user hide)
  )

  (setup
    (last_trace_width 0.25)
    (user_trace_width 0.2)
    (user_trace_width 0.3)
    (user_trace_width 0.4)
    (user_trace_width 0.5)
    (user_trace_width 0.7)
    (trace_clearance 0.2)
    (zone_clearance 0.508)
    (zone_45_only no)
    (trace_min 0.2)
    (segment_width 0.2)
    (edge_width 0.1)
    (via_size 0.8)
    (via_drill 0.4)
    (via_min_size 0.4)
    (via_min_drill 0.3)
    (uvia_size 0.3)
    (uvia_drill 0.1)
    (uvias_allowed no)
    (uvia_min_size 0.2)
    (uvia_min_drill 0.1)
    (pcb_text_width 0.3)
    (pcb_text_size 1.5 1.5)
    (mod_edge_width 0.15)
    (mod_text_size 1 1)
    (mod_text_width 0.15)
    (pad_size 1.5 1.5)
    (pad_drill 0.6)
    (pad_to_mask_clearance 0)
    (solder_mask_min_width 0.25)
    (aux_axis_origin 0 0)
    (visible_elements 7FFFFFFF)
    (pcbplotparams
      (layerselection 0x010f0_ffffffff)
      (usegerberextensions false)
      (usegerberattributes false)
      (usegerberadvancedattributes false)
      (creategerberjobfile false)
      (excludeedgelayer true)
      (linewidth 0.100000)
      (plotframeref false)
      (viasonmask false)
      (mode 1)
      (useauxorigin false)
      (hpglpennumber 1)
      (hpglpenspeed 20)
      (hpglpendiameter 15.000000)
      (psnegative false)
      (psa4output false)
      (plotreference true)
      (plotvalue true)
      (plotinvisibletext false)
      (padsonsilk false)
      (subtractmaskfromsilk false)
      (outputformat 1)
      (mirror false)
      (drillshape 0)
      (scaleselection 1)
      (outputdirectory "GERBER/"))
  )

  (net 0 "")
  (net 1 Earth)
  (net 2 VCC)
  (net 3 /SCK)
  (net 4 /MOSI)
  (net 5 /MISO)
  (net 6 /CE_R)
  (net 7 /CSN)
  (net 8 RX)
  (net 9 TX)
  (net 10 RES)
  (net 11 +3V3)
  (net 12 "Net-(IC1-Pad5)")
  (net 13 "Net-(C7-Pad1)")
  (net 14 /CE_I)
  (net 15 INT)

  (net_class Default "Esta es la clase de red por defecto."
    (clearance 0.2)
    (trace_width 0.25)
    (via_dia 0.8)
    (via_drill 0.4)
    (uvia_dia 0.3)
    (uvia_drill 0.1)
    (add_net +3V3)
    (add_net /CE_I)
    (add_net /CE_R)
    (add_net /CSN)
    (add_net /MISO)
    (add_net /MOSI)
    (add_net /SCK)
    (add_net Earth)
    (add_net INT)
    (add_net "Net-(C7-Pad1)")
    (add_net "Net-(IC1-Pad5)")
    (add_net RES)
    (add_net RX)
    (add_net TX)
    (add_net VCC)
  )

  (module Package_DFN_QFN:QFN-24_3x3mm_P0.4mm (layer F.Cu) (tedit 5E2C65AB) (tstamp 5E45A7C4)
    (at 132 92.8)
    (descr "24-Lead Plastic QFN (3mm x 3mm); Pitch 0.4mm")
    (tags "QFN 0.4")
    (path /5E2CBAFE)
    (attr smd)
    (fp_text reference U2 (at 0 2.8) (layer F.SilkS)
      (effects (font (size 0.4 0.4) (thickness 0.1)))
    )
    (fp_text value MPU-9250 (at 0 3.25) (layer F.Fab)
      (effects (font (size 1 1) (thickness 0.15)))
    )
    (fp_line (start -1.6 -1.6) (end -1.2 -1.6) (layer F.SilkS) (width 0.15))
    (fp_line (start 1.6 -1.6) (end 1.2 -1.6) (layer F.SilkS) (width 0.15))
    (fp_line (start 1.6 -1.6) (end 1.6 -1.2) (layer F.SilkS) (width 0.15))
    (fp_line (start 1.6 1.6) (end 1.2 1.6) (layer F.SilkS) (width 0.15))
    (fp_line (start 1.6 1.6) (end 1.6 1.2) (layer F.SilkS) (width 0.15))
    (fp_line (start -1.6 1.6) (end -1.2 1.6) (layer F.SilkS) (width 0.15))
    (fp_line (start -1.6 1.6) (end -1.6 1.2) (layer F.SilkS) (width 0.15))
    (fp_line (start -2.05 -2.05) (end 2.05 -2.05) (layer F.CrtYd) (width 0.05))
    (fp_line (start -2.05 2.05) (end -2.05 -2.05) (layer F.CrtYd) (width 0.05))
    (fp_line (start 2.05 2.05) (end -2.05 2.05) (layer F.CrtYd) (width 0.05))
    (fp_line (start 2.05 -2.05) (end 2.05 2.05) (layer F.CrtYd) (width 0.05))
    (fp_line (start -1.5 -0.5) (end -0.5 -1.5) (layer F.Fab) (width 0.15))
    (fp_line (start -1.5 1.5) (end -1.5 -0.5) (layer F.Fab) (width 0.15))
    (fp_line (start 1.5 1.5) (end -1.5 1.5) (layer F.Fab) (width 0.15))
    (fp_line (start 1.5 -1.5) (end 1.5 1.5) (layer F.Fab) (width 0.15))
    (fp_line (start -0.5 -1.5) (end 1.5 -1.5) (layer F.Fab) (width 0.15))
    (fp_text user %R (at 0 0) (layer F.Fab)
      (effects (font (size 0.7 0.7) (thickness 0.105)))
    )
    (pad 24 smd rect (at -1 -1.6 90) (size 0.75 0.2) (layers F.Cu F.Paste F.Mask)
      (net 4 /MOSI))
    (pad 23 smd rect (at -0.6 -1.6 90) (size 0.75 0.2) (layers F.Cu F.Paste F.Mask)
      (net 3 /SCK))
    (pad 22 smd rect (at -0.2 -1.6 90) (size 0.75 0.2) (layers F.Cu F.Paste F.Mask)
      (net 14 /CE_I))
    (pad 21 smd rect (at 0.2 -1.6 90) (size 0.75 0.2) (layers F.Cu F.Paste F.Mask))
    (pad 20 smd rect (at 0.6 -1.6 90) (size 0.75 0.2) (layers F.Cu F.Paste F.Mask)
      (net 1 Earth))
    (pad 19 smd rect (at 1 -1.6 90) (size 0.75 0.2) (layers F.Cu F.Paste F.Mask))
    (pad 18 smd rect (at 1.6 -1) (size 0.75 0.2) (layers F.Cu F.Paste F.Mask)
      (net 1 Earth))
    (pad 17 smd rect (at 1.6 -0.6) (size 0.75 0.2) (layers F.Cu F.Paste F.Mask))
    (pad 16 smd rect (at 1.6 -0.2) (size 0.75 0.2) (layers F.Cu F.Paste F.Mask))
    (pad 15 smd rect (at 1.6 0.2) (size 0.75 0.2) (layers F.Cu F.Paste F.Mask))
    (pad 14 smd rect (at 1.6 0.6) (size 0.75 0.2) (layers F.Cu F.Paste F.Mask))
    (pad 13 smd rect (at 1.6 1) (size 0.75 0.2) (layers F.Cu F.Paste F.Mask)
      (net 11 +3V3))
    (pad 12 smd rect (at 1 1.6 90) (size 0.75 0.2) (layers F.Cu F.Paste F.Mask)
      (net 15 INT))
    (pad 11 smd rect (at 0.6 1.6 90) (size 0.75 0.2) (layers F.Cu F.Paste F.Mask)
      (net 1 Earth))
    (pad 10 smd rect (at 0.2 1.6 90) (size 0.75 0.2) (layers F.Cu F.Paste F.Mask)
      (net 13 "Net-(C7-Pad1)"))
    (pad 9 smd rect (at -0.2 1.6 90) (size 0.75 0.2) (layers F.Cu F.Paste F.Mask)
      (net 5 /MISO))
    (pad 8 smd rect (at -0.6 1.6 90) (size 0.75 0.2) (layers F.Cu F.Paste F.Mask)
      (net 11 +3V3))
    (pad 7 smd rect (at -1 1.6 90) (size 0.75 0.2) (layers F.Cu F.Paste F.Mask))
    (pad 6 smd rect (at -1.6 1) (size 0.75 0.2) (layers F.Cu F.Paste F.Mask))
    (pad 5 smd rect (at -1.6 0.6) (size 0.75 0.2) (layers F.Cu F.Paste F.Mask))
    (pad 4 smd rect (at -1.6 0.2) (size 0.75 0.2) (layers F.Cu F.Paste F.Mask))
    (pad 3 smd rect (at -1.6 -0.2) (size 0.75 0.2) (layers F.Cu F.Paste F.Mask))
    (pad 2 smd rect (at -1.6 -0.6) (size 0.75 0.2) (layers F.Cu F.Paste F.Mask))
    (pad 1 smd rect (at -1.6 -1) (size 0.75 0.2) (layers F.Cu F.Paste F.Mask)
      (net 11 +3V3))
    (model ${KISYS3DMOD}/Package_DFN_QFN.3dshapes/QFN-24_3x3mm_P0.4mm.wrl
      (at (xyz 0 0 0))
      (scale (xyz 1 1 1))
      (rotate (xyz 0 0 0))
    )
  )

  (module Capacitor_SMD:C_0603_1608Metric (layer F.Cu) (tedit 5CD533E5) (tstamp 5CC18A1F)
    (at 118.4 95.2 270)
    (descr "Capacitor SMD 0603 (1608 Metric), square (rectangular) end terminal, IPC_7351 nominal, (Body size source: http://www.tortai-tech.com/upload/download/2011102023233369053.pdf), generated with kicad-footprint-generator")
    (tags capacitor)
    (path /5C83D4BE)
    (attr smd)
    (fp_text reference C1 (at 0.9 -1.1 270) (layer F.SilkS)
      (effects (font (size 0.3 0.3) (thickness 0.075)))
    )
    (fp_text value 0.1uF (at 0 1.43 270) (layer F.Fab)
      (effects (font (size 1 1) (thickness 0.15)))
    )
    (fp_text user %R (at 0 0 270) (layer F.Fab)
      (effects (font (size 0.4 0.4) (thickness 0.06)))
    )
    (fp_line (start 1.48 0.73) (end -1.48 0.73) (layer F.CrtYd) (width 0.05))
    (fp_line (start 1.48 -0.73) (end 1.48 0.73) (layer F.CrtYd) (width 0.05))
    (fp_line (start -1.48 -0.73) (end 1.48 -0.73) (layer F.CrtYd) (width 0.05))
    (fp_line (start -1.48 0.73) (end -1.48 -0.73) (layer F.CrtYd) (width 0.05))
    (fp_line (start -0.162779 0.51) (end 0.162779 0.51) (layer F.SilkS) (width 0.12))
    (fp_line (start -0.162779 -0.51) (end 0.162779 -0.51) (layer F.SilkS) (width 0.12))
    (fp_line (start 0.8 0.4) (end -0.8 0.4) (layer F.Fab) (width 0.1))
    (fp_line (start 0.8 -0.4) (end 0.8 0.4) (layer F.Fab) (width 0.1))
    (fp_line (start -0.8 -0.4) (end 0.8 -0.4) (layer F.Fab) (width 0.1))
    (fp_line (start -0.8 0.4) (end -0.8 -0.4) (layer F.Fab) (width 0.1))
    (pad 2 smd roundrect (at 0.7875 0 270) (size 0.875 0.95) (layers F.Cu F.Paste F.Mask) (roundrect_rratio 0.25)
      (net 1 Earth))
    (pad 1 smd roundrect (at -0.7875 0 270) (size 0.875 0.95) (layers F.Cu F.Paste F.Mask) (roundrect_rratio 0.25)
      (net 11 +3V3))
    (model ${KISYS3DMOD}/Capacitor_SMD.3dshapes/C_0603_1608Metric.wrl
      (at (xyz 0 0 0))
      (scale (xyz 1 1 1))
      (rotate (xyz 0 0 0))
    )
  )

  (module Capacitor_Tantalum_SMD:CP_EIA-3216-18_Kemet-A (layer F.Cu) (tedit 5CD53488) (tstamp 5CC18A32)
    (at 119.8 97.9 180)
    (descr "Tantalum Capacitor SMD Kemet-A (3216-18 Metric), IPC_7351 nominal, (Body size from: http://www.kemet.com/Lists/ProductCatalog/Attachments/253/KEM_TC101_STD.pdf), generated with kicad-footprint-generator")
    (tags "capacitor tantalum")
    (path /5C83D566)
    (attr smd)
    (fp_text reference C2 (at -2.9 0.4) (layer F.SilkS)
      (effects (font (size 0.5 0.5) (thickness 0.125)))
    )
    (fp_text value 4.7uF (at 0 1.75 180) (layer F.Fab)
      (effects (font (size 1 1) (thickness 0.15)))
    )
    (fp_line (start 1.6 -0.8) (end -1.2 -0.8) (layer F.Fab) (width 0.1))
    (fp_line (start -1.2 -0.8) (end -1.6 -0.4) (layer F.Fab) (width 0.1))
    (fp_line (start -1.6 -0.4) (end -1.6 0.8) (layer F.Fab) (width 0.1))
    (fp_line (start -1.6 0.8) (end 1.6 0.8) (layer F.Fab) (width 0.1))
    (fp_line (start 1.6 0.8) (end 1.6 -0.8) (layer F.Fab) (width 0.1))
    (fp_line (start 1.6 -0.935) (end -2.31 -0.935) (layer F.SilkS) (width 0.12))
    (fp_line (start -2.31 -0.935) (end -2.31 0.935) (layer F.SilkS) (width 0.12))
    (fp_line (start -2.31 0.935) (end 1.6 0.935) (layer F.SilkS) (width 0.12))
    (fp_line (start -2.3 1.05) (end -2.3 -1.05) (layer F.CrtYd) (width 0.05))
    (fp_line (start -2.3 -1.05) (end 2.3 -1.05) (layer F.CrtYd) (width 0.05))
    (fp_line (start 2.3 -1.05) (end 2.3 1.05) (layer F.CrtYd) (width 0.05))
    (fp_line (start 2.3 1.05) (end -2.3 1.05) (layer F.CrtYd) (width 0.05))
    (fp_text user %R (at 0 0 180) (layer F.Fab)
      (effects (font (size 0.8 0.8) (thickness 0.12)))
    )
    (pad 1 smd roundrect (at -1.35 0 180) (size 1.4 1.35) (layers F.Cu F.Paste F.Mask) (roundrect_rratio 0.185185)
      (net 11 +3V3))
    (pad 2 smd roundrect (at 1.35 0 180) (size 1.4 1.35) (layers F.Cu F.Paste F.Mask) (roundrect_rratio 0.185185)
      (net 1 Earth))
    (model ${KISYS3DMOD}/Capacitor_Tantalum_SMD.3dshapes/CP_EIA-3216-18_Kemet-A.wrl
      (at (xyz 0 0 0))
      (scale (xyz 1 1 1))
      (rotate (xyz 0 0 0))
    )
  )

  (module vamos:ConNRF_3 (layer B.Cu) (tedit 5E2C65F0) (tstamp 5CC18AB5)
    (at 134 92.925 270)
    (path /5C840A85)
    (fp_text reference NRF24L01 (at -0.175 2.25 270) (layer B.SilkS)
      (effects (font (size 1 1) (thickness 0.15)) (justify mirror))
    )
    (fp_text value "Módulo NRF24L01" (at 0 0.5 270) (layer B.Fab)
      (effects (font (size 1 1) (thickness 0.15)) (justify mirror))
    )
    (pad 5 smd rect (at 0.635 0 180) (size 1.5 0.8) (layers *.Paste B.Cu B.Mask)
      (net 3 /SCK))
    (pad 6 smd rect (at 1.905 0 180) (size 1.5 0.8) (layers B.Cu B.Paste B.Mask)
      (net 4 /MOSI))
    (pad 8 smd rect (at 4.445 0 180) (size 1.5 0.8) (layers B.Cu B.Paste B.Mask))
    (pad 7 smd rect (at 3.175 0 180) (size 1.5 0.8) (layers B.Cu B.Paste B.Mask)
      (net 5 /MISO))
    (pad 3 smd rect (at -1.905 0 180) (size 1.5 0.8) (layers B.Cu B.Paste B.Mask)
      (net 6 /CE_R))
    (pad 4 smd rect (at -0.635 0 180) (size 1.5 0.8) (layers B.Cu B.Paste B.Mask)
      (net 7 /CSN))
    (pad 2 smd rect (at -3.175 0 180) (size 1.5 0.8) (layers B.Cu B.Paste B.Mask)
      (net 1 Earth))
    (pad 1 smd rect (at -4.445 0 180) (size 1.5 0.8) (layers B.Cu B.Paste B.Mask)
      (net 11 +3V3))
  )

  (module vamos:ConPRG (layer F.Cu) (tedit 5E2C65D4) (tstamp 5CC18ABC)
    (at 125.7 88.1)
    (path /5C83F1E4)
    (fp_text reference TX/RX/RST (at -0.1 1.4) (layer F.SilkS)
      (effects (font (size 0.4 0.4) (thickness 0.1)))
    )
    (fp_text value Conn_01x03_Female (at 0 -0.5) (layer F.Fab)
      (effects (font (size 1 1) (thickness 0.15)))
    )
    (pad 2 smd rect (at 0 0 90) (size 1.5 1.2) (layers *.Paste F.Cu F.Mask)
      (net 8 RX))
    (pad 1 smd rect (at -1.8 0 90) (size 1.5 1.2) (layers *.Paste F.Cu F.Mask)
      (net 9 TX))
    (pad 3 smd rect (at 1.8 0 90) (size 1.5 1.2) (layers *.Paste F.Cu F.Mask)
      (net 10 RES))
  )

  (module vamos:ConBAT (layer F.Cu) (tedit 5E2C6501) (tstamp 5CC18AC2)
    (at 119.2 88 180)
    (path /5C842791)
    (fp_text reference GND (at 1.5 -1.5 90) (layer F.SilkS)
      (effects (font (size 0.3 0.3) (thickness 0.075)))
    )
    (fp_text value Conn_01x02_Female (at 0 -0.5 180) (layer F.Fab)
      (effects (font (size 1 1) (thickness 0.15)))
    )
    (pad 2 smd rect (at 0.9 0 270) (size 1.5 1.2) (layers *.Paste F.Cu F.Mask)
      (net 1 Earth))
    (pad 1 smd rect (at -0.9 0 270) (size 1.5 1.2) (layers *.Paste F.Cu F.Mask)
      (net 2 VCC))
  )

  (module Resistor_SMD:R_0603_1608Metric (layer F.Cu) (tedit 5E2C655E) (tstamp 5CC18AE4)
    (at 130.2 87.8 180)
    (descr "Resistor SMD 0603 (1608 Metric), square (rectangular) end terminal, IPC_7351 nominal, (Body size source: http://www.tortai-tech.com/upload/download/2011102023233369053.pdf), generated with kicad-footprint-generator")
    (tags resistor)
    (path /5C83DB80)
    (attr smd)
    (fp_text reference R1 (at 1 -1.1) (layer F.SilkS)
      (effects (font (size 0.4 0.4) (thickness 0.1)))
    )
    (fp_text value 10K (at 0 1.43 180) (layer F.Fab)
      (effects (font (size 1 1) (thickness 0.15)))
    )
    (fp_line (start -0.8 0.4) (end -0.8 -0.4) (layer F.Fab) (width 0.1))
    (fp_line (start -0.8 -0.4) (end 0.8 -0.4) (layer F.Fab) (width 0.1))
    (fp_line (start 0.8 -0.4) (end 0.8 0.4) (layer F.Fab) (width 0.1))
    (fp_line (start 0.8 0.4) (end -0.8 0.4) (layer F.Fab) (width 0.1))
    (fp_line (start -0.162779 -0.51) (end 0.162779 -0.51) (layer F.SilkS) (width 0.12))
    (fp_line (start -0.162779 0.51) (end 0.162779 0.51) (layer F.SilkS) (width 0.12))
    (fp_line (start -1.48 0.73) (end -1.48 -0.73) (layer F.CrtYd) (width 0.05))
    (fp_line (start -1.48 -0.73) (end 1.48 -0.73) (layer F.CrtYd) (width 0.05))
    (fp_line (start 1.48 -0.73) (end 1.48 0.73) (layer F.CrtYd) (width 0.05))
    (fp_line (start 1.48 0.73) (end -1.48 0.73) (layer F.CrtYd) (width 0.05))
    (fp_text user %R (at 0 0 180) (layer F.Fab)
      (effects (font (size 0.4 0.4) (thickness 0.06)))
    )
    (pad 1 smd roundrect (at -0.7875 0 180) (size 0.875 0.95) (layers F.Cu F.Paste F.Mask) (roundrect_rratio 0.25)
      (net 11 +3V3))
    (pad 2 smd roundrect (at 0.7875 0 180) (size 0.875 0.95) (layers F.Cu F.Paste F.Mask) (roundrect_rratio 0.25)
      (net 10 RES))
    (model ${KISYS3DMOD}/Resistor_SMD.3dshapes/R_0603_1608Metric.wrl
      (at (xyz 0 0 0))
      (scale (xyz 1 1 1))
      (rotate (xyz 0 0 0))
    )
  )

  (module Capacitor_SMD:C_0603_1608Metric (layer F.Cu) (tedit 5E2C64AB) (tstamp 5E45A39F)
    (at 119.4 89.8 180)
    (descr "Capacitor SMD 0603 (1608 Metric), square (rectangular) end terminal, IPC_7351 nominal, (Body size source: http://www.tortai-tech.com/upload/download/2011102023233369053.pdf), generated with kicad-footprint-generator")
    (tags capacitor)
    (path /5E2C2F8D)
    (attr smd)
    (fp_text reference C3 (at -2 -0.7 180) (layer F.SilkS)
      (effects (font (size 0.4 0.4) (thickness 0.1)))
    )
    (fp_text value 10uF (at 0 1.43 180) (layer F.Fab)
      (effects (font (size 1 1) (thickness 0.15)))
    )
    (fp_text user %R (at 0 0 180) (layer F.Fab)
      (effects (font (size 0.4 0.4) (thickness 0.06)))
    )
    (fp_line (start 1.48 0.73) (end -1.48 0.73) (layer F.CrtYd) (width 0.05))
    (fp_line (start 1.48 -0.73) (end 1.48 0.73) (layer F.CrtYd) (width 0.05))
    (fp_line (start -1.48 -0.73) (end 1.48 -0.73) (layer F.CrtYd) (width 0.05))
    (fp_line (start -1.48 0.73) (end -1.48 -0.73) (layer F.CrtYd) (width 0.05))
    (fp_line (start -0.162779 0.51) (end 0.162779 0.51) (layer F.SilkS) (width 0.12))
    (fp_line (start -0.162779 -0.51) (end 0.162779 -0.51) (layer F.SilkS) (width 0.12))
    (fp_line (start 0.8 0.4) (end -0.8 0.4) (layer F.Fab) (width 0.1))
    (fp_line (start 0.8 -0.4) (end 0.8 0.4) (layer F.Fab) (width 0.1))
    (fp_line (start -0.8 -0.4) (end 0.8 -0.4) (layer F.Fab) (width 0.1))
    (fp_line (start -0.8 0.4) (end -0.8 -0.4) (layer F.Fab) (width 0.1))
    (pad 2 smd roundrect (at 0.7875 0 180) (size 0.875 0.95) (layers F.Cu F.Paste F.Mask) (roundrect_rratio 0.25)
      (net 1 Earth))
    (pad 1 smd roundrect (at -0.7875 0 180) (size 0.875 0.95) (layers F.Cu F.Paste F.Mask) (roundrect_rratio 0.25)
      (net 2 VCC))
    (model ${KISYS3DMOD}/Capacitor_SMD.3dshapes/C_0603_1608Metric.wrl
      (at (xyz 0 0 0))
      (scale (xyz 1 1 1))
      (rotate (xyz 0 0 0))
    )
  )

  (module Capacitor_SMD:C_0603_1608Metric (layer F.Cu) (tedit 5E2C6541) (tstamp 5E45A3B0)
    (at 120.6 95.1 180)
    (descr "Capacitor SMD 0603 (1608 Metric), square (rectangular) end terminal, IPC_7351 nominal, (Body size source: http://www.tortai-tech.com/upload/download/2011102023233369053.pdf), generated with kicad-footprint-generator")
    (tags capacitor)
    (path /5E2D220F)
    (attr smd)
    (fp_text reference C4 (at -0.8 -1 180) (layer F.SilkS)
      (effects (font (size 0.4 0.4) (thickness 0.1)))
    )
    (fp_text value 10uF (at 0 1.43 180) (layer F.Fab)
      (effects (font (size 1 1) (thickness 0.15)))
    )
    (fp_line (start -0.8 0.4) (end -0.8 -0.4) (layer F.Fab) (width 0.1))
    (fp_line (start -0.8 -0.4) (end 0.8 -0.4) (layer F.Fab) (width 0.1))
    (fp_line (start 0.8 -0.4) (end 0.8 0.4) (layer F.Fab) (width 0.1))
    (fp_line (start 0.8 0.4) (end -0.8 0.4) (layer F.Fab) (width 0.1))
    (fp_line (start -0.162779 -0.51) (end 0.162779 -0.51) (layer F.SilkS) (width 0.12))
    (fp_line (start -0.162779 0.51) (end 0.162779 0.51) (layer F.SilkS) (width 0.12))
    (fp_line (start -1.48 0.73) (end -1.48 -0.73) (layer F.CrtYd) (width 0.05))
    (fp_line (start -1.48 -0.73) (end 1.48 -0.73) (layer F.CrtYd) (width 0.05))
    (fp_line (start 1.48 -0.73) (end 1.48 0.73) (layer F.CrtYd) (width 0.05))
    (fp_line (start 1.48 0.73) (end -1.48 0.73) (layer F.CrtYd) (width 0.05))
    (fp_text user %R (at 0 0 180) (layer F.Fab)
      (effects (font (size 0.4 0.4) (thickness 0.06)))
    )
    (pad 1 smd roundrect (at -0.7875 0 180) (size 0.875 0.95) (layers F.Cu F.Paste F.Mask) (roundrect_rratio 0.25)
      (net 11 +3V3))
    (pad 2 smd roundrect (at 0.7875 0 180) (size 0.875 0.95) (layers F.Cu F.Paste F.Mask) (roundrect_rratio 0.25)
      (net 1 Earth))
    (model ${KISYS3DMOD}/Capacitor_SMD.3dshapes/C_0603_1608Metric.wrl
      (at (xyz 0 0 0))
      (scale (xyz 1 1 1))
      (rotate (xyz 0 0 0))
    )
  )

  (module Capacitor_SMD:C_0603_1608Metric (layer F.Cu) (tedit 5E2C6583) (tstamp 5E45A3C1)
    (at 134.4 95.6 270)
    (descr "Capacitor SMD 0603 (1608 Metric), square (rectangular) end terminal, IPC_7351 nominal, (Body size source: http://www.tortai-tech.com/upload/download/2011102023233369053.pdf), generated with kicad-footprint-generator")
    (tags capacitor)
    (path /5E2E253B)
    (attr smd)
    (fp_text reference C5 (at 0 1.1 90) (layer F.SilkS)
      (effects (font (size 0.4 0.4) (thickness 0.1)))
    )
    (fp_text value 0.1uF (at 0 1.43 270) (layer F.Fab)
      (effects (font (size 1 1) (thickness 0.15)))
    )
    (fp_text user %R (at 0 0 270) (layer F.Fab)
      (effects (font (size 0.4 0.4) (thickness 0.06)))
    )
    (fp_line (start 1.48 0.73) (end -1.48 0.73) (layer F.CrtYd) (width 0.05))
    (fp_line (start 1.48 -0.73) (end 1.48 0.73) (layer F.CrtYd) (width 0.05))
    (fp_line (start -1.48 -0.73) (end 1.48 -0.73) (layer F.CrtYd) (width 0.05))
    (fp_line (start -1.48 0.73) (end -1.48 -0.73) (layer F.CrtYd) (width 0.05))
    (fp_line (start -0.162779 0.51) (end 0.162779 0.51) (layer F.SilkS) (width 0.12))
    (fp_line (start -0.162779 -0.51) (end 0.162779 -0.51) (layer F.SilkS) (width 0.12))
    (fp_line (start 0.8 0.4) (end -0.8 0.4) (layer F.Fab) (width 0.1))
    (fp_line (start 0.8 -0.4) (end 0.8 0.4) (layer F.Fab) (width 0.1))
    (fp_line (start -0.8 -0.4) (end 0.8 -0.4) (layer F.Fab) (width 0.1))
    (fp_line (start -0.8 0.4) (end -0.8 -0.4) (layer F.Fab) (width 0.1))
    (pad 2 smd roundrect (at 0.7875 0 270) (size 0.875 0.95) (layers F.Cu F.Paste F.Mask) (roundrect_rratio 0.25)
      (net 1 Earth))
    (pad 1 smd roundrect (at -0.7875 0 270) (size 0.875 0.95) (layers F.Cu F.Paste F.Mask) (roundrect_rratio 0.25)
      (net 11 +3V3))
    (model ${KISYS3DMOD}/Capacitor_SMD.3dshapes/C_0603_1608Metric.wrl
      (at (xyz 0 0 0))
      (scale (xyz 1 1 1))
      (rotate (xyz 0 0 0))
    )
  )

  (module Capacitor_SMD:C_0603_1608Metric (layer F.Cu) (tedit 5E2C659C) (tstamp 5E45A3D2)
    (at 133.5 88.4 180)
    (descr "Capacitor SMD 0603 (1608 Metric), square (rectangular) end terminal, IPC_7351 nominal, (Body size source: http://www.tortai-tech.com/upload/download/2011102023233369053.pdf), generated with kicad-footprint-generator")
    (tags capacitor)
    (path /5E2E2589)
    (attr smd)
    (fp_text reference C6 (at 0 -1.1 180) (layer F.SilkS)
      (effects (font (size 0.4 0.4) (thickness 0.1)))
    )
    (fp_text value 10nF (at 0 1.43 180) (layer F.Fab)
      (effects (font (size 1 1) (thickness 0.15)))
    )
    (fp_line (start -0.8 0.4) (end -0.8 -0.4) (layer F.Fab) (width 0.1))
    (fp_line (start -0.8 -0.4) (end 0.8 -0.4) (layer F.Fab) (width 0.1))
    (fp_line (start 0.8 -0.4) (end 0.8 0.4) (layer F.Fab) (width 0.1))
    (fp_line (start 0.8 0.4) (end -0.8 0.4) (layer F.Fab) (width 0.1))
    (fp_line (start -0.162779 -0.51) (end 0.162779 -0.51) (layer F.SilkS) (width 0.12))
    (fp_line (start -0.162779 0.51) (end 0.162779 0.51) (layer F.SilkS) (width 0.12))
    (fp_line (start -1.48 0.73) (end -1.48 -0.73) (layer F.CrtYd) (width 0.05))
    (fp_line (start -1.48 -0.73) (end 1.48 -0.73) (layer F.CrtYd) (width 0.05))
    (fp_line (start 1.48 -0.73) (end 1.48 0.73) (layer F.CrtYd) (width 0.05))
    (fp_line (start 1.48 0.73) (end -1.48 0.73) (layer F.CrtYd) (width 0.05))
    (fp_text user %R (at 0 0 180) (layer F.Fab)
      (effects (font (size 0.4 0.4) (thickness 0.06)))
    )
    (pad 1 smd roundrect (at -0.7875 0 180) (size 0.875 0.95) (layers F.Cu F.Paste F.Mask) (roundrect_rratio 0.25)
      (net 11 +3V3))
    (pad 2 smd roundrect (at 0.7875 0 180) (size 0.875 0.95) (layers F.Cu F.Paste F.Mask) (roundrect_rratio 0.25)
      (net 1 Earth))
    (model ${KISYS3DMOD}/Capacitor_SMD.3dshapes/C_0603_1608Metric.wrl
      (at (xyz 0 0 0))
      (scale (xyz 1 1 1))
      (rotate (xyz 0 0 0))
    )
  )

  (module Capacitor_SMD:C_0603_1608Metric (layer F.Cu) (tedit 5E2C6576) (tstamp 5E45A3E3)
    (at 133.6 97.7)
    (descr "Capacitor SMD 0603 (1608 Metric), square (rectangular) end terminal, IPC_7351 nominal, (Body size source: http://www.tortai-tech.com/upload/download/2011102023233369053.pdf), generated with kicad-footprint-generator")
    (tags capacitor)
    (path /5E2D0150)
    (attr smd)
    (fp_text reference C7 (at -1.9 0.1) (layer F.SilkS)
      (effects (font (size 0.4 0.4) (thickness 0.1)))
    )
    (fp_text value 0.1uF (at 0 1.43) (layer F.Fab)
      (effects (font (size 1 1) (thickness 0.15)))
    )
    (fp_line (start -0.8 0.4) (end -0.8 -0.4) (layer F.Fab) (width 0.1))
    (fp_line (start -0.8 -0.4) (end 0.8 -0.4) (layer F.Fab) (width 0.1))
    (fp_line (start 0.8 -0.4) (end 0.8 0.4) (layer F.Fab) (width 0.1))
    (fp_line (start 0.8 0.4) (end -0.8 0.4) (layer F.Fab) (width 0.1))
    (fp_line (start -0.162779 -0.51) (end 0.162779 -0.51) (layer F.SilkS) (width 0.12))
    (fp_line (start -0.162779 0.51) (end 0.162779 0.51) (layer F.SilkS) (width 0.12))
    (fp_line (start -1.48 0.73) (end -1.48 -0.73) (layer F.CrtYd) (width 0.05))
    (fp_line (start -1.48 -0.73) (end 1.48 -0.73) (layer F.CrtYd) (width 0.05))
    (fp_line (start 1.48 -0.73) (end 1.48 0.73) (layer F.CrtYd) (width 0.05))
    (fp_line (start 1.48 0.73) (end -1.48 0.73) (layer F.CrtYd) (width 0.05))
    (fp_text user %R (at 0 0) (layer F.Fab)
      (effects (font (size 0.4 0.4) (thickness 0.06)))
    )
    (pad 1 smd roundrect (at -0.7875 0) (size 0.875 0.95) (layers F.Cu F.Paste F.Mask) (roundrect_rratio 0.25)
      (net 13 "Net-(C7-Pad1)"))
    (pad 2 smd roundrect (at 0.7875 0) (size 0.875 0.95) (layers F.Cu F.Paste F.Mask) (roundrect_rratio 0.25)
      (net 1 Earth))
    (model ${KISYS3DMOD}/Capacitor_SMD.3dshapes/C_0603_1608Metric.wrl
      (at (xyz 0 0 0))
      (scale (xyz 1 1 1))
      (rotate (xyz 0 0 0))
    )
  )

  (module vamos:TLV61225 (layer F.Cu) (tedit 5E2C6514) (tstamp 5E45A3EE)
    (at 119.6 92.4 270)
    (path /5E2B4BCC)
    (fp_text reference IC1 (at 1.4 -0.1) (layer F.SilkS)
      (effects (font (size 0.4 0.4) (thickness 0.1)))
    )
    (fp_text value TLV61225 (at 0 -3 270) (layer F.Fab)
      (effects (font (size 1 1) (thickness 0.15)))
    )
    (fp_circle (center -1.4 0.9) (end -1.3 0.9) (layer F.SilkS) (width 0.3))
    (pad 1 smd rect (at -0.65 1.1 270) (size 0.45 0.95) (layers F.Cu F.Paste F.Mask)
      (net 2 VCC))
    (pad 2 smd rect (at 0 1.1 270) (size 0.45 0.95) (layers F.Cu F.Paste F.Mask)
      (net 11 +3V3))
    (pad 3 smd rect (at 0.65 1.1 270) (size 0.45 0.95) (layers F.Cu F.Paste F.Mask)
      (net 1 Earth))
    (pad 6 smd rect (at -0.65 -1.1 270) (size 0.45 0.95) (layers F.Cu F.Paste F.Mask)
      (net 2 VCC))
    (pad 5 smd rect (at 0 -1.1 270) (size 0.45 0.95) (layers F.Cu F.Paste F.Mask)
      (net 12 "Net-(IC1-Pad5)"))
    (pad 4 smd rect (at 0.65 -1.1 270) (size 0.45 0.95) (layers F.Cu F.Paste F.Mask)
      (net 11 +3V3))
  )

  (module Inductor_SMD:L_0603_1608Metric (layer F.Cu) (tedit 5E2C6486) (tstamp 5E45A3FF)
    (at 122 88.6 270)
    (descr "Inductor SMD 0603 (1608 Metric), square (rectangular) end terminal, IPC_7351 nominal, (Body size source: http://www.tortai-tech.com/upload/download/2011102023233369053.pdf), generated with kicad-footprint-generator")
    (tags inductor)
    (path /5E2BC4ED)
    (attr smd)
    (fp_text reference L1 (at 1 -1.1 270) (layer F.SilkS)
      (effects (font (size 0.4 0.4) (thickness 0.1)))
    )
    (fp_text value 4.7uH (at 0 1.43 270) (layer F.Fab)
      (effects (font (size 1 1) (thickness 0.15)))
    )
    (fp_line (start -0.8 0.4) (end -0.8 -0.4) (layer F.Fab) (width 0.1))
    (fp_line (start -0.8 -0.4) (end 0.8 -0.4) (layer F.Fab) (width 0.1))
    (fp_line (start 0.8 -0.4) (end 0.8 0.4) (layer F.Fab) (width 0.1))
    (fp_line (start 0.8 0.4) (end -0.8 0.4) (layer F.Fab) (width 0.1))
    (fp_line (start -0.162779 -0.51) (end 0.162779 -0.51) (layer F.SilkS) (width 0.12))
    (fp_line (start -0.162779 0.51) (end 0.162779 0.51) (layer F.SilkS) (width 0.12))
    (fp_line (start -1.48 0.73) (end -1.48 -0.73) (layer F.CrtYd) (width 0.05))
    (fp_line (start -1.48 -0.73) (end 1.48 -0.73) (layer F.CrtYd) (width 0.05))
    (fp_line (start 1.48 -0.73) (end 1.48 0.73) (layer F.CrtYd) (width 0.05))
    (fp_line (start 1.48 0.73) (end -1.48 0.73) (layer F.CrtYd) (width 0.05))
    (fp_text user %R (at 0 0 270) (layer F.Fab)
      (effects (font (size 0.4 0.4) (thickness 0.06)))
    )
    (pad 1 smd roundrect (at -0.7875 0 270) (size 0.875 0.95) (layers F.Cu F.Paste F.Mask) (roundrect_rratio 0.25)
      (net 2 VCC))
    (pad 2 smd roundrect (at 0.7875 0 270) (size 0.875 0.95) (layers F.Cu F.Paste F.Mask) (roundrect_rratio 0.25)
      (net 12 "Net-(IC1-Pad5)"))
    (model ${KISYS3DMOD}/Inductor_SMD.3dshapes/L_0603_1608Metric.wrl
      (at (xyz 0 0 0))
      (scale (xyz 1 1 1))
      (rotate (xyz 0 0 0))
    )
  )

  (module Package_DFN_QFN:QFN-32-1EP_5x5mm_P0.5mm_EP3.1x3.1mm (layer F.Cu) (tedit 5E2C656C) (tstamp 5E45A43E)
    (at 125.6 93.2)
    (descr "QFN, 32 Pin (http://ww1.microchip.com/downloads/en/DeviceDoc/8008S.pdf (Page 20)), generated with kicad-footprint-generator ipc_dfn_qfn_generator.py")
    (tags "QFN DFN_QFN")
    (path /5E2C34C1)
    (attr smd)
    (fp_text reference U1 (at 0 4) (layer F.SilkS)
      (effects (font (size 0.4 0.4) (thickness 0.1)))
    )
    (fp_text value ATmega328P-MU (at 0 3.82) (layer F.Fab)
      (effects (font (size 1 1) (thickness 0.15)))
    )
    (fp_line (start 2.135 -2.61) (end 2.61 -2.61) (layer F.SilkS) (width 0.12))
    (fp_line (start 2.61 -2.61) (end 2.61 -2.135) (layer F.SilkS) (width 0.12))
    (fp_line (start -2.135 2.61) (end -2.61 2.61) (layer F.SilkS) (width 0.12))
    (fp_line (start -2.61 2.61) (end -2.61 2.135) (layer F.SilkS) (width 0.12))
    (fp_line (start 2.135 2.61) (end 2.61 2.61) (layer F.SilkS) (width 0.12))
    (fp_line (start 2.61 2.61) (end 2.61 2.135) (layer F.SilkS) (width 0.12))
    (fp_line (start -2.135 -2.61) (end -2.61 -2.61) (layer F.SilkS) (width 0.12))
    (fp_line (start -1.5 -2.5) (end 2.5 -2.5) (layer F.Fab) (width 0.1))
    (fp_line (start 2.5 -2.5) (end 2.5 2.5) (layer F.Fab) (width 0.1))
    (fp_line (start 2.5 2.5) (end -2.5 2.5) (layer F.Fab) (width 0.1))
    (fp_line (start -2.5 2.5) (end -2.5 -1.5) (layer F.Fab) (width 0.1))
    (fp_line (start -2.5 -1.5) (end -1.5 -2.5) (layer F.Fab) (width 0.1))
    (fp_line (start -3.12 -3.12) (end -3.12 3.12) (layer F.CrtYd) (width 0.05))
    (fp_line (start -3.12 3.12) (end 3.12 3.12) (layer F.CrtYd) (width 0.05))
    (fp_line (start 3.12 3.12) (end 3.12 -3.12) (layer F.CrtYd) (width 0.05))
    (fp_line (start 3.12 -3.12) (end -3.12 -3.12) (layer F.CrtYd) (width 0.05))
    (fp_text user %R (at 0 0) (layer F.Fab)
      (effects (font (size 1 1) (thickness 0.15)))
    )
    (pad 33 smd roundrect (at 0 0) (size 3.1 3.1) (layers F.Cu F.Mask) (roundrect_rratio 0.08064499999999999)
      (net 1 Earth))
    (pad "" smd roundrect (at -1.03 -1.03) (size 0.83 0.83) (layers F.Paste) (roundrect_rratio 0.25))
    (pad "" smd roundrect (at -1.03 0) (size 0.83 0.83) (layers F.Paste) (roundrect_rratio 0.25))
    (pad "" smd roundrect (at -1.03 1.03) (size 0.83 0.83) (layers F.Paste) (roundrect_rratio 0.25))
    (pad "" smd roundrect (at 0 -1.03) (size 0.83 0.83) (layers F.Paste) (roundrect_rratio 0.25))
    (pad "" smd roundrect (at 0 0) (size 0.83 0.83) (layers F.Paste) (roundrect_rratio 0.25))
    (pad "" smd roundrect (at 0 1.03) (size 0.83 0.83) (layers F.Paste) (roundrect_rratio 0.25))
    (pad "" smd roundrect (at 1.03 -1.03) (size 0.83 0.83) (layers F.Paste) (roundrect_rratio 0.25))
    (pad "" smd roundrect (at 1.03 0) (size 0.83 0.83) (layers F.Paste) (roundrect_rratio 0.25))
    (pad "" smd roundrect (at 1.03 1.03) (size 0.83 0.83) (layers F.Paste) (roundrect_rratio 0.25))
    (pad 1 smd roundrect (at -2.4375 -1.75) (size 0.875 0.25) (layers F.Cu F.Paste F.Mask) (roundrect_rratio 0.25))
    (pad 2 smd roundrect (at -2.4375 -1.25) (size 0.875 0.25) (layers F.Cu F.Paste F.Mask) (roundrect_rratio 0.25))
    (pad 3 smd roundrect (at -2.4375 -0.75) (size 0.875 0.25) (layers F.Cu F.Paste F.Mask) (roundrect_rratio 0.25)
      (net 1 Earth))
    (pad 4 smd roundrect (at -2.4375 -0.25) (size 0.875 0.25) (layers F.Cu F.Paste F.Mask) (roundrect_rratio 0.25)
      (net 11 +3V3))
    (pad 5 smd roundrect (at -2.4375 0.25) (size 0.875 0.25) (layers F.Cu F.Paste F.Mask) (roundrect_rratio 0.25)
      (net 1 Earth))
    (pad 6 smd roundrect (at -2.4375 0.75) (size 0.875 0.25) (layers F.Cu F.Paste F.Mask) (roundrect_rratio 0.25)
      (net 11 +3V3))
    (pad 7 smd roundrect (at -2.4375 1.25) (size 0.875 0.25) (layers F.Cu F.Paste F.Mask) (roundrect_rratio 0.25))
    (pad 8 smd roundrect (at -2.4375 1.75) (size 0.875 0.25) (layers F.Cu F.Paste F.Mask) (roundrect_rratio 0.25))
    (pad 9 smd roundrect (at -1.75 2.4375) (size 0.25 0.875) (layers F.Cu F.Paste F.Mask) (roundrect_rratio 0.25)
      (net 14 /CE_I))
    (pad 10 smd roundrect (at -1.25 2.4375) (size 0.25 0.875) (layers F.Cu F.Paste F.Mask) (roundrect_rratio 0.25)
      (net 15 INT))
    (pad 11 smd roundrect (at -0.75 2.4375) (size 0.25 0.875) (layers F.Cu F.Paste F.Mask) (roundrect_rratio 0.25))
    (pad 12 smd roundrect (at -0.25 2.4375) (size 0.25 0.875) (layers F.Cu F.Paste F.Mask) (roundrect_rratio 0.25)
      (net 7 /CSN))
    (pad 13 smd roundrect (at 0.25 2.4375) (size 0.25 0.875) (layers F.Cu F.Paste F.Mask) (roundrect_rratio 0.25)
      (net 6 /CE_R))
    (pad 14 smd roundrect (at 0.75 2.4375) (size 0.25 0.875) (layers F.Cu F.Paste F.Mask) (roundrect_rratio 0.25))
    (pad 15 smd roundrect (at 1.25 2.4375) (size 0.25 0.875) (layers F.Cu F.Paste F.Mask) (roundrect_rratio 0.25)
      (net 4 /MOSI))
    (pad 16 smd roundrect (at 1.75 2.4375) (size 0.25 0.875) (layers F.Cu F.Paste F.Mask) (roundrect_rratio 0.25)
      (net 5 /MISO))
    (pad 17 smd roundrect (at 2.4375 1.75) (size 0.875 0.25) (layers F.Cu F.Paste F.Mask) (roundrect_rratio 0.25)
      (net 3 /SCK))
    (pad 18 smd roundrect (at 2.4375 1.25) (size 0.875 0.25) (layers F.Cu F.Paste F.Mask) (roundrect_rratio 0.25)
      (net 11 +3V3))
    (pad 19 smd roundrect (at 2.4375 0.75) (size 0.875 0.25) (layers F.Cu F.Paste F.Mask) (roundrect_rratio 0.25))
    (pad 20 smd roundrect (at 2.4375 0.25) (size 0.875 0.25) (layers F.Cu F.Paste F.Mask) (roundrect_rratio 0.25))
    (pad 21 smd roundrect (at 2.4375 -0.25) (size 0.875 0.25) (layers F.Cu F.Paste F.Mask) (roundrect_rratio 0.25)
      (net 1 Earth))
    (pad 22 smd roundrect (at 2.4375 -0.75) (size 0.875 0.25) (layers F.Cu F.Paste F.Mask) (roundrect_rratio 0.25))
    (pad 23 smd roundrect (at 2.4375 -1.25) (size 0.875 0.25) (layers F.Cu F.Paste F.Mask) (roundrect_rratio 0.25))
    (pad 24 smd roundrect (at 2.4375 -1.75) (size 0.875 0.25) (layers F.Cu F.Paste F.Mask) (roundrect_rratio 0.25))
    (pad 25 smd roundrect (at 1.75 -2.4375) (size 0.25 0.875) (layers F.Cu F.Paste F.Mask) (roundrect_rratio 0.25))
    (pad 26 smd roundrect (at 1.25 -2.4375) (size 0.25 0.875) (layers F.Cu F.Paste F.Mask) (roundrect_rratio 0.25))
    (pad 27 smd roundrect (at 0.75 -2.4375) (size 0.25 0.875) (layers F.Cu F.Paste F.Mask) (roundrect_rratio 0.25))
    (pad 28 smd roundrect (at 0.25 -2.4375) (size 0.25 0.875) (layers F.Cu F.Paste F.Mask) (roundrect_rratio 0.25))
    (pad 29 smd roundrect (at -0.25 -2.4375) (size 0.25 0.875) (layers F.Cu F.Paste F.Mask) (roundrect_rratio 0.25)
      (net 10 RES))
    (pad 30 smd roundrect (at -0.75 -2.4375) (size 0.25 0.875) (layers F.Cu F.Paste F.Mask) (roundrect_rratio 0.25)
      (net 8 RX))
    (pad 31 smd roundrect (at -1.25 -2.4375) (size 0.25 0.875) (layers F.Cu F.Paste F.Mask) (roundrect_rratio 0.25)
      (net 9 TX))
    (pad 32 smd roundrect (at -1.75 -2.4375) (size 0.25 0.875) (layers F.Cu F.Paste F.Mask) (roundrect_rratio 0.25))
    (model ${KISYS3DMOD}/Package_DFN_QFN.3dshapes/QFN-32-1EP_5x5mm_P0.5mm_EP3.1x3.1mm.wrl
      (at (xyz 0 0 0))
      (scale (xyz 1 1 1))
      (rotate (xyz 0 0 0))
    )
  )

  (gr_text "Pablo Álvarez 2020 v4" (at 118 92.8 90) (layer B.SilkS)
    (effects (font (size 0.5 0.5) (thickness 0.1)) (justify mirror))
  )
  (dimension 18 (width 0.3) (layer F.SilkS)
    (gr_text "18.000 mm" (at 126.2 82.9) (layer F.SilkS)
      (effects (font (size 1.5 1.5) (thickness 0.3)))
    )
    (feature1 (pts (xy 135.2 86.8) (xy 135.2 84.413579)))
    (feature2 (pts (xy 117.2 86.8) (xy 117.2 84.413579)))
    (crossbar (pts (xy 117.2 85) (xy 135.2 85)))
    (arrow1a (pts (xy 135.2 85) (xy 134.073496 85.586421)))
    (arrow1b (pts (xy 135.2 85) (xy 134.073496 84.413579)))
    (arrow2a (pts (xy 117.2 85) (xy 118.326504 85.586421)))
    (arrow2b (pts (xy 117.2 85) (xy 118.326504 84.413579)))
  )
  (dimension 12.2 (width 0.3) (layer F.SilkS)
    (gr_text "12.200 mm" (at 140.1 92.9 270) (layer F.SilkS)
      (effects (font (size 1.5 1.5) (thickness 0.3)))
    )
    (feature1 (pts (xy 135.2 99) (xy 138.586421 99)))
    (feature2 (pts (xy 135.2 86.8) (xy 138.586421 86.8)))
    (crossbar (pts (xy 138 86.8) (xy 138 99)))
    (arrow1a (pts (xy 138 99) (xy 137.413579 97.873496)))
    (arrow1b (pts (xy 138 99) (xy 138.586421 97.873496)))
    (arrow2a (pts (xy 138 86.8) (xy 137.413579 87.926504)))
    (arrow2b (pts (xy 138 86.8) (xy 138.586421 87.926504)))
  )
  (gr_line (start 117.25 99) (end 135.25 99) (layer Edge.Cuts) (width 0.1))
  (gr_line (start 135.25 86.75) (end 135.25 99) (layer Edge.Cuts) (width 0.1))
  (gr_line (start 117.25 86.75) (end 135.25 86.75) (layer Edge.Cuts) (width 0.1))
  (gr_line (start 117.25 86.75) (end 117.25 99) (layer Edge.Cuts) (width 0.1))

  (segment (start 125.85 92.95) (end 125.6 93.2) (width 0.25) (layer F.Cu) (net 1))
  (segment (start 128.0375 92.95) (end 125.85 92.95) (width 0.25) (layer F.Cu) (net 1))
  (segment (start 124.85 92.45) (end 123.1625 92.45) (width 0.25) (layer F.Cu) (net 1))
  (segment (start 125.6 93.2) (end 124.85 92.45) (width 0.25) (layer F.Cu) (net 1))
  (segment (start 123.7 93.45) (end 123.1625 93.45) (width 0.25) (layer F.Cu) (net 1))
  (segment (start 123.95 93.2) (end 123.7 93.45) (width 0.25) (layer F.Cu) (net 1))
  (segment (start 125.6 93.2) (end 123.95 93.2) (width 0.25) (layer F.Cu) (net 1))
  (segment (start 118.5 89.6875) (end 118.6125 89.8) (width 0.5) (layer F.Cu) (net 1))
  (segment (start 118.5 88) (end 118.5 89.6875) (width 0.5) (layer F.Cu) (net 1))
  (segment (start 132.6 92.6) (end 132.6 92.2) (width 0.2) (layer F.Cu) (net 1))
  (segment (start 132.6 92.6) (end 132.6 91.2) (width 0.2) (layer F.Cu) (net 1))
  (segment (start 132.6 94.4) (end 132.6 92.6) (width 0.2) (layer F.Cu) (net 1))
  (segment (start 132.6 88.8125) (end 132.6125 88.8) (width 0.2) (layer F.Cu) (net 1))
  (segment (start 132.6 90) (end 132.4 90) (width 0.2) (layer F.Cu) (net 1))
  (segment (start 132.6 91.2) (end 132.6 90) (width 0.2) (layer F.Cu) (net 1))
  (segment (start 132.4 90) (end 132.4 90) (width 0.2) (layer F.Cu) (net 1) (tstamp 5E2B73AC))
  (via (at 132.5 89.8) (size 0.8) (drill 0.4) (layers F.Cu B.Cu) (net 1) (tstamp 5E2C6CDE))
  (segment (start 132.65 89.75) (end 132.4 90) (width 0.2) (layer B.Cu) (net 1))
  (segment (start 134 89.75) (end 132.65 89.75) (width 0.2) (layer B.Cu) (net 1))
  (segment (start 134.4 97.7875) (end 134.3875 97.8) (width 0.5) (layer F.Cu) (net 1))
  (segment (start 134.4 96.3875) (end 134.4 97.7875) (width 0.5) (layer F.Cu) (net 1))
  (segment (start 120.0125 96.3875) (end 120 96.4) (width 0.5) (layer F.Cu) (net 1))
  (segment (start 120 96.4) (end 119.5875 95.9875) (width 0.5) (layer F.Cu) (net 1) (tstamp 5E2B7E47))
  (via (at 120 96.4) (size 0.8) (drill 0.4) (layers F.Cu B.Cu) (net 1))
  (segment (start 119.5875 95.9875) (end 120 96.4) (width 0.5) (layer F.Cu) (net 1))
